RegNo: 12345 | Lat: 22.7414356 | Lon: 88.4530973 | Time: 2025-08-19 14:32:42
RegNo: 12345 | Lat: 22.7414356 | Lon: 88.4530973 | Time: 2025-08-19 15:08:59
RegNo: 12345 | Lat: 22.7414356 | Lon: 88.4530973 | Time: 2025-08-19 15:09:00
